solid
facet normal 0.014994345626973882 0.014994349062817491 0.15224080967341003
	outer loop
		vertex 0 0.39018043875694275 1.9615707397460938
		vertex 0.3901805281639099 0 1.9615707397460938
		vertex 0 0 2
	endloop
endfacet
facet normal 0.017635314799949953 0.017635318840952152 0.16354728145576036
	outer loop
		vertex 0.40466925501823425 0.40466925501823425 1.9163728952407837
		vertex 0.3901805281639099 0 1.9615707397460938
		vertex 0 0.39018043875694275 1.9615707397460938
	endloop
endfacet
facet normal 0.015308626063738728 0.04605601205241783 0.1518264305749133
	outer loop
		vertex 0.40466925501823425 0.40466925501823425 1.9163728952407837
		vertex 0 0.39018043875694275 1.9615707397460938
		vertex 0 0.7653669118881226 1.8477592468261719
	endloop
endfacet
facet normal 0.014809366887284625 0.07705477654652881 0.14415930571275481
	outer loop
		vertex 0.4169183671474457 0.8178151249885559 1.7768954038619995
		vertex 0 0.7653669118881226 1.8477592468261719
		vertex 0 1.1111403703689575 1.662939429283142
	endloop
endfacet
facet normal 0.02196175886032492 0.057282708801089655 0.17160565745849343
	outer loop
		vertex 0.40466925501823425 0.40466925501823425 1.9163728952407837
		vertex 0 0.7653669118881226 1.8477592468261719
		vertex 0.4169183671474457 0.8178151249885559 1.7768954038619995
	endloop
endfacet
facet normal 0.04605601205241783 0.015308634892278405 0.1518264185148297
	outer loop
		vertex 0.3901805281639099 0 1.9615707397460938
		vertex 0.40466925501823425 0.40466925501823425 1.9163728952407837
		vertex 0.7653669714927673 0 1.8477592468261719
	endloop
endfacet
facet normal 0.057282708801089655 0.021961767173831248 0.1716056581885974
	outer loop
		vertex 0.7653669714927673 0 1.8477592468261719
		vertex 0.40466925501823425 0.40466925501823425 1.9163728952407837
		vertex 0.8178151249885559 0.4169183671474457 1.7768954038619995
	endloop
endfacet
facet normal 0.07705477654652881 0.014809382127218385 0.144159330563026
	outer loop
		vertex 0.7653669714927673 0 1.8477592468261719
		vertex 0.8178151249885559 0.4169183671474457 1.7768954038619995
		vertex 1.111140489578247 0 1.662939429283142
	endloop
endfacet
facet normal 0.07564375432241377 0.07564375432241377 0.19416695934679584
	outer loop
		vertex 0.8595325350761414 0.8595325350761414 1.5882090330123901
		vertex 0.8178151249885559 0.4169183671474457 1.7768954038619995
		vertex 0.4169183671474457 0.8178151249885559 1.7768954038619995
	endloop
endfacet
facet normal 0.05591607408556598 0.05591607408556598 0.17053946912557993
	outer loop
		vertex 0.40466925501823425 0.40466925501823425 1.9163728952407837
		vertex 0.4169183671474457 0.8178151249885559 1.7768954038619995
		vertex 0.8178151249885559 0.4169183671474457 1.7768954038619995
	endloop
endfacet
facet normal 0.06352264455472323 0.10488384808701312 0.17219847316013137
	outer loop
		vertex 0.8595325350761414 0.8595325350761414 1.5882090330123901
		vertex 0.4169183671474457 0.8178151249885559 1.7768954038619995
		vertex 0.4240294396877289 1.2075340747833252 1.536899447441101
	endloop
endfacet
facet normal 0.10488384808701312 0.06352264455472323 0.17219847316013137
	outer loop
		vertex 0.8178151249885559 0.4169183671474457 1.7768954038619995
		vertex 0.8595325350761414 0.8595325350761414 1.5882090330123901
		vertex 1.2075340747833252 0.4240294396877289 1.536899447441101
	endloop
endfacet
facet normal 0.014994349062817491 0.15224080967341003 0.014994345626973882
	outer loop
		vertex 0.39018043875694275 1.9615707397460938 0
		vertex 0 1.9615707397460938 0.3901805281639099
		vertex 0 2 0
	endloop
endfacet
facet normal 0.017635318840952152 0.16354728145576036 0.017635314799949953
	outer loop
		vertex 0.40466925501823425 1.9163728952407837 0.40466925501823425
		vertex 0 1.9615707397460938 0.3901805281639099
		vertex 0.39018043875694275 1.9615707397460938 0
	endloop
endfacet
facet normal 0.015308634892278405 0.1518264185148297 0.04605601205241783
	outer loop
		vertex 0 1.9615707397460938 0.3901805281639099
		vertex 0.40466925501823425 1.9163728952407837 0.40466925501823425
		vertex 0 1.8477592468261719 0.7653669714927673
	endloop
endfacet
facet normal 0.014809382127218385 0.144159330563026 0.07705477654652881
	outer loop
		vertex 0.4169183671474457 1.7768954038619995 0.8178151249885559
		vertex 0 1.662939429283142 1.111140489578247
		vertex 0 1.8477592468261719 0.7653669714927673
	endloop
endfacet
facet normal 0.021961767173831248 0.1716056581885974 0.057282708801089655
	outer loop
		vertex 0 1.8477592468261719 0.7653669714927673
		vertex 0.40466925501823425 1.9163728952407837 0.40466925501823425
		vertex 0.4169183671474457 1.7768954038619995 0.8178151249885559
	endloop
endfacet
facet normal 0.04605601205241783 0.1518264305749133 0.015308626063738728
	outer loop
		vertex 0.40466925501823425 1.9163728952407837 0.40466925501823425
		vertex 0.39018043875694275 1.9615707397460938 0
		vertex 0.7653669118881226 1.8477592468261719 0
	endloop
endfacet
facet normal 0.057282708801089655 0.17160565745849343 0.02196175886032492
	outer loop
		vertex 0.40466925501823425 1.9163728952407837 0.40466925501823425
		vertex 0.7653669118881226 1.8477592468261719 0
		vertex 0.8178151249885559 1.7768954038619995 0.4169183671474457
	endloop
endfacet
facet normal 0.07705477654652881 0.14415930571275481 0.014809366887284625
	outer loop
		vertex 0.8178151249885559 1.7768954038619995 0.4169183671474457
		vertex 0.7653669118881226 1.8477592468261719 0
		vertex 1.1111403703689575 1.662939429283142 0
	endloop
endfacet
facet normal 0.07564375432241377 0.19416695934679584 0.07564375432241377
	outer loop
		vertex 0.8595325350761414 1.5882090330123901 0.8595325350761414
		vertex 0.4169183671474457 1.7768954038619995 0.8178151249885559
		vertex 0.8178151249885559 1.7768954038619995 0.4169183671474457
	endloop
endfacet
facet normal 0.06352264455472323 0.17219847316013137 0.10488384808701312
	outer loop
		vertex 0.4169183671474457 1.7768954038619995 0.8178151249885559
		vertex 0.8595325350761414 1.5882090330123901 0.8595325350761414
		vertex 0.4240294396877289 1.536899447441101 1.2075340747833252
	endloop
endfacet
facet normal 0.05591607408556598 0.17053946912557993 0.05591607408556598
	outer loop
		vertex 0.40466925501823425 1.9163728952407837 0.40466925501823425
		vertex 0.8178151249885559 1.7768954038619995 0.4169183671474457
		vertex 0.4169183671474457 1.7768954038619995 0.8178151249885559
	endloop
endfacet
facet normal 0.10488384808701312 0.17219847316013137 0.06352264455472323
	outer loop
		vertex 1.2075340747833252 1.536899447441101 0.4240294396877289
		vertex 0.8595325350761414 1.5882090330123901 0.8595325350761414
		vertex 0.8178151249885559 1.7768954038619995 0.4169183671474457
	endloop
endfacet
facet normal 0.027664646778859492 0.13966061442061672 0.13966061442061672
	outer loop
		vertex 0.4240294396877289 1.2075340747833252 1.536899447441101
		vertex 0 1.4142136573791504 1.4142136573791504
		vertex 0.4240294396877289 1.536899447441101 1.2075340747833252
	endloop
endfacet
facet normal 0.014223753054423582 0.10546704969634746 0.12851199607525032
	outer loop
		vertex 0 1.4142136573791504 1.4142136573791504
		vertex 0.4240294396877289 1.2075340747833252 1.536899447441101
		vertex 0 1.1111403703689575 1.662939429283142
	endloop
endfacet
facet normal 0.025986070071752465 0.10086907147461943 0.16456684529264898
	outer loop
		vertex 0.4169183671474457 0.8178151249885559 1.7768954038619995
		vertex 0 1.1111403703689575 1.662939429283142
		vertex 0.4240294396877289 1.2075340747833252 1.536899447441101
	endloop
endfacet
facet normal 0.014223767679709454 0.12851194552700207 0.10546704969634746
	outer loop
		vertex 0.4240294396877289 1.536899447441101 1.2075340747833252
		vertex 0 1.4142136573791504 1.4142136573791504
		vertex 0 1.662939429283142 1.111140489578247
	endloop
endfacet
facet normal 0.025986098681499925 0.16456684614035488 0.10086907147461943
	outer loop
		vertex 0 1.662939429283142 1.111140489578247
		vertex 0.4169183671474457 1.7768954038619995 0.8178151249885559
		vertex 0.4240294396877289 1.536899447441101 1.2075340747833252
	endloop
endfacet
facet normal 0.0891086289089813 0.13879504049893043 0.18502983362590975
	outer loop
		vertex 0.8595325350761414 0.8595325350761414 1.5882090330123901
		vertex 0.4240294396877289 1.2075340747833252 1.536899447441101
		vertex 0.8757705092430115 1.2714216709136963 1.2714216709136963
	endloop
endfacet
facet normal 0.0891086289089813 0.18502983362590975 0.13879504049893043
	outer loop
		vertex 0.4240294396877289 1.536899447441101 1.2075340747833252
		vertex 0.8595325350761414 1.5882090330123901 0.8595325350761414
		vertex 0.8757705092430115 1.2714216709136963 1.2714216709136963
	endloop
endfacet
facet normal 0.06639682489061727 0.1487878657188979 0.1487878657188979
	outer loop
		vertex 0.4240294396877289 1.2075340747833252 1.536899447441101
		vertex 0.4240294396877289 1.536899447441101 1.2075340747833252
		vertex 0.8757705092430115 1.2714216709136963 1.2714216709136963
	endloop
endfacet
facet normal 0.15224080967341003 0.014994345626973882 0.014994349062817491
	outer loop
		vertex 1.9615707397460938 0 0.39018043875694275
		vertex 1.9615707397460938 0.3901805281639099 0
		vertex 2 0 0
	endloop
endfacet
facet normal 0.16354728145576036 0.017635314799949953 0.017635318840952152
	outer loop
		vertex 1.9163728952407837 0.40466925501823425 0.40466925501823425
		vertex 1.9615707397460938 0.3901805281639099 0
		vertex 1.9615707397460938 0 0.39018043875694275
	endloop
endfacet
facet normal 0.1518264305749133 0.015308626063738728 0.04605601205241783
	outer loop
		vertex 1.9163728952407837 0.40466925501823425 0.40466925501823425
		vertex 1.9615707397460938 0 0.39018043875694275
		vertex 1.8477592468261719 0 0.7653669118881226
	endloop
endfacet
facet normal 0.14415930571275481 0.014809366887284625 0.07705477654652881
	outer loop
		vertex 1.7768954038619995 0.4169183671474457 0.8178151249885559
		vertex 1.8477592468261719 0 0.7653669118881226
		vertex 1.662939429283142 0 1.1111403703689575
	endloop
endfacet
facet normal 0.17160565745849343 0.02196175886032492 0.057282708801089655
	outer loop
		vertex 1.9163728952407837 0.40466925501823425 0.40466925501823425
		vertex 1.8477592468261719 0 0.7653669118881226
		vertex 1.7768954038619995 0.4169183671474457 0.8178151249885559
	endloop
endfacet
facet normal 0.1518264185148297 0.04605601205241783 0.015308634892278405
	outer loop
		vertex 1.9615707397460938 0.3901805281639099 0
		vertex 1.9163728952407837 0.40466925501823425 0.40466925501823425
		vertex 1.8477592468261719 0.7653669714927673 0
	endloop
endfacet
facet normal 0.1716056581885974 0.057282708801089655 0.021961767173831248
	outer loop
		vertex 1.8477592468261719 0.7653669714927673 0
		vertex 1.9163728952407837 0.40466925501823425 0.40466925501823425
		vertex 1.7768954038619995 0.8178151249885559 0.4169183671474457
	endloop
endfacet
facet normal 0.144159330563026 0.07705477654652881 0.014809382127218385
	outer loop
		vertex 1.8477592468261719 0.7653669714927673 0
		vertex 1.7768954038619995 0.8178151249885559 0.4169183671474457
		vertex 1.662939429283142 1.111140489578247 0
	endloop
endfacet
facet normal 0.19416695934679584 0.07564375432241377 0.07564375432241377
	outer loop
		vertex 1.7768954038619995 0.8178151249885559 0.4169183671474457
		vertex 1.7768954038619995 0.4169183671474457 0.8178151249885559
		vertex 1.5882090330123901 0.8595325350761414 0.8595325350761414
	endloop
endfacet
facet normal 0.17219847316013137 0.06352264455472323 0.10488384808701312
	outer loop
		vertex 1.5882090330123901 0.8595325350761414 0.8595325350761414
		vertex 1.7768954038619995 0.4169183671474457 0.8178151249885559
		vertex 1.536899447441101 0.4240294396877289 1.2075340747833252
	endloop
endfacet
facet normal 0.17219847316013137 0.10488384808701312 0.06352264455472323
	outer loop
		vertex 1.7768954038619995 0.8178151249885559 0.4169183671474457
		vertex 1.5882090330123901 0.8595325350761414 0.8595325350761414
		vertex 1.536899447441101 1.2075340747833252 0.4240294396877289
	endloop
endfacet
facet normal 0.17053946912557993 0.05591607408556598 0.05591607408556598
	outer loop
		vertex 1.9163728952407837 0.40466925501823425 0.40466925501823425
		vertex 1.7768954038619995 0.4169183671474457 0.8178151249885559
		vertex 1.7768954038619995 0.8178151249885559 0.4169183671474457
	endloop
endfacet
facet normal 0.13966061442061672 0.027664646778859492 0.13966061442061672
	outer loop
		vertex 1.4142136573791504 0 1.4142136573791504
		vertex 1.2075340747833252 0.4240294396877289 1.536899447441101
		vertex 1.536899447441101 0.4240294396877289 1.2075340747833252
	endloop
endfacet
facet normal 0.10546704969634746 0.014223767679709454 0.12851194552700207
	outer loop
		vertex 1.2075340747833252 0.4240294396877289 1.536899447441101
		vertex 1.4142136573791504 0 1.4142136573791504
		vertex 1.111140489578247 0 1.662939429283142
	endloop
endfacet
facet normal 0.10086907147461943 0.025986098681499925 0.16456684614035488
	outer loop
		vertex 1.111140489578247 0 1.662939429283142
		vertex 0.8178151249885559 0.4169183671474457 1.7768954038619995
		vertex 1.2075340747833252 0.4240294396877289 1.536899447441101
	endloop
endfacet
facet normal 0.13879504049893043 0.0891086289089813 0.18502983362590975
	outer loop
		vertex 1.2714216709136963 0.8757705092430115 1.2714216709136963
		vertex 1.2075340747833252 0.4240294396877289 1.536899447441101
		vertex 0.8595325350761414 0.8595325350761414 1.5882090330123901
	endloop
endfacet
facet normal 0.18502983362590975 0.0891086289089813 0.13879504049893043
	outer loop
		vertex 1.5882090330123901 0.8595325350761414 0.8595325350761414
		vertex 1.536899447441101 0.4240294396877289 1.2075340747833252
		vertex 1.2714216709136963 0.8757705092430115 1.2714216709136963
	endloop
endfacet
facet normal 0.1487878657188979 0.06639682489061727 0.1487878657188979
	outer loop
		vertex 1.2075340747833252 0.4240294396877289 1.536899447441101
		vertex 1.2714216709136963 0.8757705092430115 1.2714216709136963
		vertex 1.536899447441101 0.4240294396877289 1.2075340747833252
	endloop
endfacet
facet normal 0.12851199607525032 0.014223753054423582 0.10546704969634746
	outer loop
		vertex 1.4142136573791504 0 1.4142136573791504
		vertex 1.536899447441101 0.4240294396877289 1.2075340747833252
		vertex 1.662939429283142 0 1.1111403703689575
	endloop
endfacet
facet normal 0.16456684529264898 0.025986070071752465 0.10086907147461943
	outer loop
		vertex 1.7768954038619995 0.4169183671474457 0.8178151249885559
		vertex 1.662939429283142 0 1.1111403703689575
		vertex 1.536899447441101 0.4240294396877289 1.2075340747833252
	endloop
endfacet
facet normal -0 4.903680801391602 -0
	outer loop
		vertex 1.662939429283142 0 1.1111403703689575
		vertex 4 0 0
		vertex 0 0 4
	endloop
endfacet
facet normal 0.13966061442061672 0.13966061442061672 0.027664646778859492
	outer loop
		vertex 1.2075340747833252 1.536899447441101 0.4240294396877289
		vertex 1.4142136573791504 1.4142136573791504 0
		vertex 1.536899447441101 1.2075340747833252 0.4240294396877289
	endloop
endfacet
facet normal 0.13879504049893043 0.18502983362590975 0.0891086289089813
	outer loop
		vertex 0.8595325350761414 1.5882090330123901 0.8595325350761414
		vertex 1.2075340747833252 1.536899447441101 0.4240294396877289
		vertex 1.2714216709136963 1.2714216709136963 0.8757705092430115
	endloop
endfacet
facet normal 0.18502983362590975 0.13879504049893043 0.0891086289089813
	outer loop
		vertex 1.536899447441101 1.2075340747833252 0.4240294396877289
		vertex 1.5882090330123901 0.8595325350761414 0.8595325350761414
		vertex 1.2714216709136963 1.2714216709136963 0.8757705092430115
	endloop
endfacet
facet normal 0.1487878657188979 0.1487878657188979 0.06639682489061727
	outer loop
		vertex 1.2075340747833252 1.536899447441101 0.4240294396877289
		vertex 1.536899447441101 1.2075340747833252 0.4240294396877289
		vertex 1.2714216709136963 1.2714216709136963 0.8757705092430115
	endloop
endfacet
facet normal 0.10546704969634746 0.12851199607525032 0.014223753054423582
	outer loop
		vertex 1.4142136573791504 1.4142136573791504 0
		vertex 1.2075340747833252 1.536899447441101 0.4240294396877289
		vertex 1.1111403703689575 1.662939429283142 0
	endloop
endfacet
facet normal 0.10086907147461943 0.16456684529264898 0.025986070071752465
	outer loop
		vertex 0.8178151249885559 1.7768954038619995 0.4169183671474457
		vertex 1.1111403703689575 1.662939429283142 0
		vertex 1.2075340747833252 1.536899447441101 0.4240294396877289
	endloop
endfacet
facet normal 0.12851194552700207 0.10546704969634746 0.014223767679709454
	outer loop
		vertex 1.536899447441101 1.2075340747833252 0.4240294396877289
		vertex 1.4142136573791504 1.4142136573791504 0
		vertex 1.662939429283142 1.111140489578247 0
	endloop
endfacet
facet normal 0.16456684614035488 0.10086907147461943 0.025986098681499925
	outer loop
		vertex 1.662939429283142 1.111140489578247 0
		vertex 1.7768954038619995 0.8178151249885559 0.4169183671474457
		vertex 1.536899447441101 1.2075340747833252 0.4240294396877289
	endloop
endfacet
facet normal -0 -0 4.903680801391602
	outer loop
		vertex 1.1111403703689575 1.662939429283142 0
		vertex 0 4 0
		vertex 4 0 0
	endloop
endfacet
facet normal 0.15653984173136237 0.15653984173136237 0.15653984173136237
	outer loop
		vertex 1.2714216709136963 1.2714216709136963 0.8757705092430115
		vertex 1.2714216709136963 0.8757705092430115 1.2714216709136963
		vertex 0.8757705092430115 1.2714216709136963 1.2714216709136963
	endloop
endfacet
facet normal 0.1253372878169401 0.1253372878169401 0.16938898841596384
	outer loop
		vertex 0.8595325350761414 0.8595325350761414 1.5882090330123901
		vertex 0.8757705092430115 1.2714216709136963 1.2714216709136963
		vertex 1.2714216709136963 0.8757705092430115 1.2714216709136963
	endloop
endfacet
facet normal 0.1253372878169401 0.16938898841596384 0.1253372878169401
	outer loop
		vertex 0.8595325350761414 1.5882090330123901 0.8595325350761414
		vertex 1.2714216709136963 1.2714216709136963 0.8757705092430115
		vertex 0.8757705092430115 1.2714216709136963 1.2714216709136963
	endloop
endfacet
facet normal 0.16938898841596384 0.1253372878169401 0.1253372878169401
	outer loop
		vertex 1.5882090330123901 0.8595325350761414 0.8595325350761414
		vertex 1.2714216709136963 0.8757705092430115 1.2714216709136963
		vertex 1.2714216709136963 1.2714216709136963 0.8757705092430115
	endloop
endfacet
facet normal 0.7803608775138855 0 0
	outer loop
		vertex 0 0.39018043875694275 1.9615707397460938
		vertex 0 0 2
		vertex 0 0 4
	endloop
endfacet
facet normal 0 0.7803610563278198 0
	outer loop
		vertex 0 0 4
		vertex 0 0 2
		vertex 0.3901805281639099 0 1.9615707397460938
	endloop
endfacet
facet normal 0 0.7203839957135187 0
	outer loop
		vertex 0 0 4
		vertex 0.3901805281639099 0 1.9615707397460938
		vertex 0.7653669714927673 0 1.8477592468261719
	endloop
endfacet
facet normal 0 0.4319310745456164 0
	outer loop
		vertex 1.4142136573791504 0 1.4142136573791504
		vertex 0 0 4
		vertex 1.111140489578247 0 1.662939429283142
	endloop
endfacet
facet normal 0 0.6027328729671027 0
	outer loop
		vertex 0 0 4
		vertex 0.7653669714927673 0 1.8477592468261719
		vertex 1.111140489578247 0 1.662939429283142
	endloop
endfacet
facet normal 1.1756300383186726 0 -0
	outer loop
		vertex 0 0.7653669118881226 1.8477592468261719
		vertex 0 0.39018043875694275 1.9615707397460938
		vertex 0 4 4
	endloop
endfacet
facet normal 1.3420120258717958 -0 0
	outer loop
		vertex 0 0.7653669118881226 1.8477592468261719
		vertex 0 4 4
		vertex 0 1.1111403703689575 1.662939429283142
	endloop
endfacet
facet normal 8.153717041015625 0 -0
	outer loop
		vertex 0 0.39018043875694275 1.9615707397460938
		vertex 0 0 4
		vertex 0 4 4
	endloop
endfacet
facet normal -0 0.21454132237056456 -0
	outer loop
		vertex 1.4142136573791504 0 1.4142136573791504
		vertex 1.662939429283142 0 1.1111403703689575
		vertex 0 0 4
	endloop
endfacet
facet normal 0 0 -16
	outer loop
		vertex 0 4 4
		vertex 0 0 4
		vertex 4 0 4
	endloop
endfacet
facet normal 0.7803610563278198 0 0
	outer loop
		vertex 0 4 0
		vertex 0 2 0
		vertex 0 1.9615707397460938 0.3901805281639099
	endloop
endfacet
facet normal 0 0 0.7803608775138855
	outer loop
		vertex 0.39018043875694275 1.9615707397460938 0
		vertex 0 2 0
		vertex 0 4 0
	endloop
endfacet
facet normal 0 0 0.7203840666389851
	outer loop
		vertex 0.7653669118881226 1.8477592468261719 0
		vertex 0.39018043875694275 1.9615707397460938 0
		vertex 0 4 0
	endloop
endfacet
facet normal 0 0 0.6027327556996767
	outer loop
		vertex 1.1111403703689575 1.662939429283142 0
		vertex 0.7653669118881226 1.8477592468261719 0
		vertex 0 4 0
	endloop
endfacet
facet normal 1.1756299673932062 0 0
	outer loop
		vertex 0 4 4
		vertex 0 1.9615707397460938 0.3901805281639099
		vertex 0 1.8477592468261719 0.7653669714927673
	endloop
endfacet
facet normal 1.3420121431392218 -0 0
	outer loop
		vertex 0 1.662939429283142 1.111140489578247
		vertex 0 4 4
		vertex 0 1.8477592468261719 0.7653669714927673
	endloop
endfacet
facet normal 8.153717041015625 0 0
	outer loop
		vertex 0 4 4
		vertex 0 4 0
		vertex 0 1.9615707397460938 0.3901805281639099
	endloop
endfacet
facet normal 1.426834470411336 0 0
	outer loop
		vertex 0 4 4
		vertex 0 1.4142136573791504 1.4142136573791504
		vertex 0 1.1111403703689575 1.662939429283142
	endloop
endfacet
facet normal 1.4268341621615832 0 -0
	outer loop
		vertex 0 1.662939429283142 1.111140489578247
		vertex 0 1.4142136573791504 1.4142136573791504
		vertex 0 4 4
	endloop
endfacet
facet normal 0 -16 0
	outer loop
		vertex 0 4 4
		vertex 4 4 4
		vertex 0 4 0
	endloop
endfacet
facet normal 0 0 0.4319310745456164
	outer loop
		vertex 1.4142136573791504 1.4142136573791504 0
		vertex 4 0 0
		vertex 1.662939429283142 1.111140489578247 0
	endloop
endfacet
facet normal 0 0.7803608775138855 0
	outer loop
		vertex 1.9615707397460938 0 0.39018043875694275
		vertex 2 0 0
		vertex 4 0 0
	endloop
endfacet
facet normal 0 0 0.7803610563278198
	outer loop
		vertex 4 0 0
		vertex 2 0 0
		vertex 1.9615707397460938 0.3901805281639099 0
	endloop
endfacet
facet normal 0 0.7203840666389851 0
	outer loop
		vertex 1.8477592468261719 0 0.7653669118881226
		vertex 1.9615707397460938 0 0.39018043875694275
		vertex 4 0 0
	endloop
endfacet
facet normal 0 0 0.7203839957135187
	outer loop
		vertex 4 0 0
		vertex 1.9615707397460938 0.3901805281639099 0
		vertex 1.8477592468261719 0.7653669714927673 0
	endloop
endfacet
facet normal 0 0.6027327556996767 0
	outer loop
		vertex 1.662939429283142 0 1.1111403703689575
		vertex 1.8477592468261719 0 0.7653669118881226
		vertex 4 0 0
	endloop
endfacet
facet normal 0 0 0.6027328729671027
	outer loop
		vertex 4 0 0
		vertex 1.8477592468261719 0.7653669714927673 0
		vertex 1.662939429283142 1.111140489578247 0
	endloop
endfacet
facet normal -0 -0 0.21454132237056456
	outer loop
		vertex 1.4142136573791504 1.4142136573791504 0
		vertex 1.1111403703689575 1.662939429283142 0
		vertex 4 0 0
	endloop
endfacet
facet normal -16 0 0
	outer loop
		vertex 4 0 0
		vertex 4 4 0
		vertex 4 0 4
	endloop
endfacet
facet normal 0 16 0
	outer loop
		vertex 4 0 4
		vertex 0 0 4
		vertex 4 0 0
	endloop
endfacet
facet normal 0 -0 16
	outer loop
		vertex 4 0 0
		vertex 0 4 0
		vertex 4 4 0
	endloop
endfacet
facet normal 0 -16 0
	outer loop
		vertex 4 4 0
		vertex 0 4 0
		vertex 4 4 4
	endloop
endfacet
facet normal -0 -0 -16
	outer loop
		vertex 4 4 4
		vertex 0 4 4
		vertex 4 0 4
	endloop
endfacet
facet normal -16 -0 -0
	outer loop
		vertex 4 4 4
		vertex 4 0 4
		vertex 4 4 0
	endloop
endfacet
endsolid
